MementoTimestamp,URI-M,FollowerCount,DateTime,AbsRelative,AbsPrevRelative,PerRelative,PerPrevRelative,RateRelative,RatePrevRelative
20190303092317,http://web.archive.org/web/20190303092317/https://twitter.com/hickenlooper,128636,2019-03-03 09:23:17,0,0,0,0,0,0
20190313003909,http://web.archive.org/web/20190313003909/https://twitter.com/hickenlooper/,135774,2019-03-13 00:39:09,7138,7138,5.55,5.55,0.00861,0.00861
20190317122501,https://webarchive.loc.gov/all/20190317122501/https://twitter.com/hickenlooper,137151,2019-03-17 12:25:01,8515,1377,6.62,1.01,0.007,0.00355
20190319220353,http://web.archive.org/web/20190319220353/https://twitter.com/hickenlooper/,137888,2019-03-19 22:03:53,9252,737,7.19,0.54,0.0065,0.00355
20190326202616,http://web.archive.org/web/20190326202616/https://twitter.com/hickenlooper/,139590,2019-03-26 20:26:16,10954,1702,8.52,1.23,0.00541,0.00284
20190328193537,http://web.archive.org/web/20190328193537/https://twitter.com/hickenlooper,139807,2019-03-28 19:35:37,11171,217,8.68,0.16,0.00509,0.00128
20190402160732,http://web.archive.org/web/20190402160732/https://twitter.com/hickenlooper/,140896,2019-04-02 16:07:32,12260,1089,9.53,0.78,0.00469,0.0026
20190409194323,http://web.archive.org/web/20190409194323/https://twitter.com/hickenlooper/,141428,2019-04-09 19:43:23,12792,532,9.94,0.38,0.00396,0.00086
20190410214827,http://web.archive.org/web/20190410214827/https://twitter.com/Hickenlooper,141489,2019-04-10 21:48:27,12853,61,9.99,0.04,0.00387,0.00065
20190413222826,http://web.archive.org/web/20190413222826/https://twitter.com/Hickenlooper,141692,2019-04-13 22:28:26,13056,203,10.15,0.14,0.00364,0.00078
20190416181324,http://web.archive.org/web/20190416181324/https://twitter.com/hickenlooper/,141868,2019-04-16 18:13:24,13232,176,10.29,0.12,0.00346,0.00072
20190423184811,http://web.archive.org/web/20190423184811/https://twitter.com/hickenlooper/,142221,2019-04-23 18:48:11,13585,353,10.56,0.25,0.00306,0.00058
20190427224331,http://web.archive.org/web/20190427224331/https://twitter.com/Hickenlooper,142576,2019-04-27 22:43:31,13940,355,10.84,0.25,0.00291,0.00099
20190430065021,http://web.archive.org/web/20190430065021/http://twitter.com/Hickenlooper,142720,2019-04-30 06:50:21,14084,144,10.95,0.1,0.00282,0.00071
20190507185234,http://web.archive.org/web/20190507185234/https://twitter.com/hickenlooper,143117,2019-05-07 18:52:34,14481,397,11.26,0.28,0.00256,0.00061
20190509104232,http://web.archive.org/web/20190509104232/https://twitter.com/Hickenlooper,143223,2019-05-09 10:42:32,14587,106,11.34,0.07,0.00252,0.00074
20190514173552,http://web.archive.org/web/20190514173552/https://twitter.com/hickenlooper,143391,2019-05-14 17:35:52,14755,168,11.47,0.12,0.00236,0.00037
20190517101843,https://web.archive.org/web/20190517101843/https://twitter.com/Hickenlooper,143516,2019-05-17 10:18:43,14880,125,11.57,0.09,0.0023,0.00054
20190522022617,http://web.archive.org/web/20190522022617/https://twitter.com/hickenlooper,143682,2019-05-22 02:26:17,15046,166,11.7,0.12,0.00219,0.00041
20190524134459,http://web.archive.org/web/20190524134459/https://twitter.com/Hickenlooper,143788,2019-05-24 13:44:59,15152,106,11.78,0.07,0.00214,0.0005
20190525200859,http://web.archive.org/web/20190525200859/https://twitter.com/Hickenlooper,143851,2019-05-25 20:08:59,15215,63,11.83,0.04,0.00211,0.00058
20190529012324,http://web.archive.org/web/20190529012324/https://twitter.com/hickenlooper,144001,2019-05-29 01:23:24,15365,150,11.94,0.1,0.00205,0.00054
20190604141858,http://web.archive.org/web/20190604141858/https://twitter.com/hickenlooper,144734,2019-06-04 14:18:58,16098,733,12.51,0.51,0.002,0.0013
20190606152521,http://web.archive.org/web/20190606152521/https://twitter.com/Hickenlooper,144834,2019-06-06 15:25:21,16198,100,12.59,0.07,0.00197,0.00057
20190612042845,http://web.archive.org/web/20190612042845/https://twitter.com/hickenlooper,145117,2019-06-12 04:28:45,16481,283,12.81,0.2,0.00189,0.00059
20190613231222,http://web.archive.org/web/20190613231222/https://twitter.com/Hickenlooper,145331,2019-06-13 23:12:22,16695,214,12.98,0.15,0.00188,0.00139
20190618194048,http://web.archive.org/web/20190618194048/https://twitter.com/hickenlooper,145778,2019-06-18 19:40:48,17142,447,13.33,0.31,0.00185,0.00107
20190626010441,http://web.archive.org/web/20190626010441/https://twitter.com/hickenlooper,146160,2019-06-26 01:04:41,17524,382,13.62,0.26,0.00177,0.00061
20190630131407,http://web.archive.org/web/20190630131407/https://twitter.com/hickenlooper,148775,2019-06-30 13:14:07,20139,2615,15.66,1.79,0.00196,0.00672
20190702190219,http://web.archive.org/web/20190702190219/https://twitter.com/hickenlooper,149250,2019-07-02 19:02:19,20614,475,16.03,0.32,0.00197,0.00245
20190709181845,http://web.archive.org/web/20190709181845/https://twitter.com/hickenlooper,149815,2019-07-09 18:18:45,21179,565,16.46,0.38,0.00191,0.00094
20190715213201,http://web.archive.org/web/20190715213201/https://twitter.com/hickenlooper,150162,2019-07-15 21:32:01,21526,347,16.73,0.23,0.00185,0.00065
20190723102209,http://web.archive.org/web/20190723102209/https://twitter.com/Hickenlooper,150568,2019-07-23 10:22:09,21932,406,17.05,0.27,0.00179,0.00062
20190724191325,http://web.archive.org/web/20190724191325/https://twitter.com/Hickenlooper,150608,2019-07-24 19:13:25,21972,40,17.08,0.03,0.00177,0.00034
20190726104700,http://web.archive.org/web/20190726104700/https://twitter.com/Hickenlooper,150718,2019-07-26 10:47:00,22082,110,17.17,0.07,0.00176,0.00077
20190730172400,http://web.archive.org/web/20190730172400/https://twitter.com/Hickenlooper,151035,2019-07-30 17:24:00,22399,317,17.41,0.21,0.00174,0.00086
20190801040450,http://web.archive.org/web/20190801040450/https://twitter.com/hickenlooper,152463,2019-08-01 04:04:50,23827,1428,18.52,0.95,0.00183,0.01144
20190806084804,http://web.archive.org/web/20190806084804/https://twitter.com/Hickenlooper,153746,2019-08-06 08:48:04,25110,1283,19.52,0.84,0.00186,0.00286
20190808014337,http://web.archive.org/web/20190808014337/https://twitter.com/Hickenlooper,154207,2019-08-08 01:43:37,25571,461,19.88,0.3,0.00188,0.00313
20190810022549,http://web.archive.org/web/20190810022549/https://twitter.com/Hickenlooper,154478,2019-08-10 02:25:49,25842,271,20.09,0.18,0.00187,0.00155
20190814024736,http://web.archive.org/web/20190814024736/https://twitter.com/Hickenlooper,154995,2019-08-14 02:47:36,26359,517,20.49,0.33,0.00186,0.00149
20190817024853,http://web.archive.org/web/20190817024853/https://twitter.com/Hickenlooper,156915,2019-08-17 02:48:53,28279,1920,21.98,1.24,0.00196,0.00741
20190820171850,http://web.archive.org/web/20190820171850/https://twitter.com/hickenlooper,157166,2019-08-20 17:18:50,28530,251,22.18,0.16,0.00194,0.00081
20190823170746,http://web.archive.org/web/20190823170746/https://twitter.com/Hickenlooper,159942,2019-08-23 17:07:46,31306,2776,24.34,1.77,0.00209,0.01074
20190827103028,http://web.archive.org/web/20190827103028/https://twitter.com/hickenlooper,160448,2019-08-27 10:30:28,31812,506,24.73,0.32,0.00208,0.00157
20190830075448,http://web.archive.org/web/20190830075448/https://twitter.com/Hickenlooper,160751,2019-08-30 07:54:48,32115,303,24.97,0.19,0.00207,0.00121
20190902164016,http://web.archive.org/web/20190902164016/https://twitter.com/Hickenlooper,160947,2019-09-02 16:40:16,32311,196,25.12,0.12,0.00204,0.00067
20190904122745,https://web.archive.org/web/20190904122745/https://twitter.com/Hickenlooper,161035,2019-09-04 12:27:45,32399,88,25.19,0.05,0.00203,0.00056
20190910214058,https://web.archive.org/web/20190910214058/https://twitter.com/hickenlooper,161324,2019-09-10 21:40:58,32688,289,25.41,0.18,0.00198,0.00052
20190918010920,https://web.archive.org/web/20190918010920/https://twitter.com/hickenlooper,161371,2019-09-18 01:09:20,32735,47,25.45,0.03,0.00191,8e-05
20190924233411,https://web.archive.org/web/20190924233411/https://twitter.com/hickenlooper,161387,2019-09-24 23:34:11,32751,16,25.46,0.01,0.00184,3e-05
20191001211053,https://web.archive.org/web/20191001211053/https://twitter.com/hickenlooper,161390,2019-10-01 21:10:53,32754,3,25.46,0.0,0.00178,1e-05
20191004173627,https://web.archive.org/web/20191004173627/https://twitter.com/hickenlooper,161387,2019-10-04 17:36:27,32751,-3,25.46,-0.0,0.00176,-1e-05
20191008201326,https://web.archive.org/web/20191008201326/https://twitter.com/hickenlooper,161437,2019-10-08 20:13:26,32801,50,25.5,0.03,0.00173,0.00014
20191015214020,https://web.archive.org/web/20191015214020/https://twitter.com/hickenlooper,161627,2019-10-15 21:40:20,32991,190,25.65,0.12,0.00169,0.00031
20191022202911,https://web.archive.org/web/20191022202911/https://twitter.com/hickenlooper,161968,2019-10-22 20:29:11,33332,341,25.91,0.21,0.00165,0.00057
20191029235934,https://web.archive.org/web/20191029235934/https://twitter.com/hickenlooper,162293,2019-10-29 23:59:34,33657,325,26.16,0.2,0.00162,0.00053
20191106123944,https://web.archive.org/web/20191106123944/https://twitter.com/hickenlooper,162495,2019-11-06 12:39:44,33859,202,26.32,0.12,0.00158,0.00031
20191112232600,https://web.archive.org/web/20191112232600/https://twitter.com/hickenlooper,162590,2019-11-12 23:26:00,33954,95,26.4,0.06,0.00154,0.00017
20191118202612,https://web.archive.org/web/20191118202612/https://twitter.com/Hickenlooper,162641,2019-11-18 20:26:12,34005,51,26.44,0.03,0.00151,0.0001
20191119205844,https://web.archive.org/web/20191119205844/https://twitter.com/Hickenlooper,162681,2019-11-19 20:58:44,34045,40,26.47,0.02,0.00151,0.00045
20191120214855,https://web.archive.org/web/20191120214855/https://www.twitter.com/Hickenlooper,162695,2019-11-20 21:48:55,34059,14,26.48,0.01,0.0015,0.00016
20191121215253,https://web.archive.org/web/20191121215253/https://twitter.com/Hickenlooper,162726,2019-11-21 21:52:53,34090,31,26.5,0.02,0.0015,0.00036
20191122215603,https://web.archive.org/web/20191122215603/https://twitter.com/Hickenlooper,162744,2019-11-22 21:56:03,34108,18,26.52,0.01,0.00149,0.00021
20191124220707,https://web.archive.org/web/20191124220707/https://twitter.com/Hickenlooper,162771,2019-11-24 22:07:07,34135,27,26.54,0.02,0.00148,0.00016
20191126001003,https://web.archive.org/web/20191126001003/https://twitter.com/Hickenlooper,162771,2019-11-26 00:10:03,34135,0,26.54,0.0,0.00148,0.0
20191127071202,https://web.archive.org/web/20191127071202/https://twitter.com/hickenlooper,162771,2019-11-27 07:12:02,34135,0,26.54,0.0,0.00147,0.0
20191203235140,https://web.archive.org/web/20191203235140/https://twitter.com/hickenlooper,162887,2019-12-03 23:51:40,34251,116,26.63,0.07,0.00144,0.0002
20191205144515,https://web.archive.org/web/20191205144515/https://twitter.com/hickenlooper,162925,2019-12-05 14:45:15,34289,38,26.66,0.02,0.00143,0.00027
20191210181807,https://web.archive.org/web/20191210181807/https://twitter.com/hickenlooper,162988,2019-12-10 18:18:07,34352,63,26.7,0.04,0.00141,0.00014
20191211200804,https://web.archive.org/web/20191211200804/https://twitter.com/hickenlooper,162971,2019-12-11 20:08:04,34335,-17,26.69,-0.01,0.0014,-0.00018
20191218143402,https://web.archive.org/web/20191218143402/https://twitter.com/hickenlooper,163022,2019-12-18 14:34:02,34386,51,26.73,0.03,0.00137,9e-05
20191225062604,https://web.archive.org/web/20191225062604/https://twitter.com/hickenlooper,163037,2019-12-25 06:26:04,34401,15,26.74,0.01,0.00134,3e-05
20191226091313,https://web.archive.org/web/20191226091313/https://twitter.com/hickenlooper,163016,2019-12-26 09:13:13,34380,-21,26.73,-0.01,0.00134,-0.00022
20191231193428,https://web.archive.org/web/20191231193428/https://twitter.com/hickenlooper,162973,2019-12-31 19:34:28,34337,-43,26.69,-0.03,0.00131,-9e-05
20200107213317,https://web.archive.org/web/20200107213317/https://twitter.com/hickenlooper,162900,2020-01-07 21:33:17,34264,-73,26.64,-0.04,0.00128,-0.00012
20200109044532,https://web.archive.org/web/20200109044532/https://twitter.com/hickenlooper,162910,2020-01-09 04:45:32,34274,10,26.64,0.01,0.00127,9e-05
20200115020307,https://web.archive.org/web/20200115020307/https://twitter.com/hickenlooper,163147,2020-01-15 02:03:07,34511,237,26.83,0.15,0.00126,0.00047
20200116132038,https://web.archive.org/web/20200116132038/https://twitter.com/hickenlooper,163164,2020-01-16 13:20:38,34528,17,26.84,0.01,0.00125,0.00013
20200119021136,https://web.archive.org/web/20200119021136/https://twitter.com/hickenlooper,163200,2020-01-19 02:11:36,34564,36,26.87,0.02,0.00124,0.00016
20200122193627,https://web.archive.org/web/20200122193627/https://twitter.com/hickenlooper,163461,2020-01-22 19:36:27,34825,261,27.07,0.16,0.00124,0.00081
20200123194715,https://web.archive.org/web/20200123194715/https://twitter.com/hickenlooper,163531,2020-01-23 19:47:15,34895,70,27.13,0.04,0.00124,0.0008
20200126053943,https://web.archive.org/web/20200126053943/https://twitter.com/hickenlooper,163678,2020-01-26 05:39:43,35042,147,27.24,0.09,0.00123,0.00071
20200129032609,https://web.archive.org/web/20200129032609/https://twitter.com/hickenlooper,163703,2020-01-29 03:26:09,35067,25,27.26,0.02,0.00122,0.0001
20200212005422,https://web.archive.org/web/20200212005422/https://twitter.com/Hickenlooper,168473,2020-02-12 00:54:22,39837,4770,30.97,2.91,0.00133,0.00397
20200224071757,https://web.archive.org/web/20200224071757/https://twitter.com/hickenlooper,169128,2020-02-24 07:17:57,40492,655,31.48,0.39,0.00131,0.00062
20200304024414,https://web.archive.org/web/20200304024414/https://twitter.com/hickenlooper,169405,2020-03-04 02:44:14,40769,277,31.69,0.16,0.00129,0.00036
20200308041821,https://web.archive.org/web/20200308041821/https://twitter.com/Hickenlooper,169786,2020-03-08 04:18:21,41150,381,31.99,0.22,0.00128,0.0011
20200312183418,https://web.archive.org/web/20200312183418/https://twitter.com/Hickenlooper,170265,2020-03-12 18:34:18,41629,479,32.36,0.28,0.00128,0.00121
20200404182354,https://web.archive.org/web/20200404182354/https://twitter.com/Hickenlooper,171382,2020-04-04 18:23:54,42746,1117,33.23,0.66,0.00124,0.00056
20200411212545,https://web.archive.org/web/20200411212545/https://twitter.com/Hickenlooper,172360,2020-04-11 21:25:45,43724,978,33.99,0.57,0.00125,0.00159
