MementoTimestamp,URI-M,FollowerCount,DateTime,AbsRelative,AbsPrevRelative,PerRelative,PerPrevRelative,RateRelative,RatePrevRelative
20190111235900,https://webarchive.loc.gov/all/20190111235900/https://twitter.com/joesestak,10041,2019-01-11 23:59:00,0,0,0,0,0,0
20190118184216,https://webarchive.loc.gov/all/20190118184216/https://twitter.com/joesestak,10041,2019-01-18 18:42:16,0,0,0.0,0.0,0.0,0.0
20190125203417,https://webarchive.loc.gov/all/20190125203417/https://twitter.com/joesestak,10038,2019-01-25 20:34:17,-3,-3,-0.03,-0.03,-0.0,-0.0
20190202012931,https://webarchive.loc.gov/all/20190202012931/https://twitter.com/joesestak,10034,2019-02-02 01:29:31,-7,-4,-0.07,-0.04,-0.0,-1e-05
20190210073140,https://webarchive.loc.gov/all/20190210073140/https://twitter.com/joesestak,10012,2019-02-10 07:31:40,-29,-22,-0.29,-0.22,-1e-05,-3e-05
20190217222348,https://webarchive.loc.gov/all/20190217222348/https://twitter.com/joesestak,10017,2019-02-17 22:23:48,-24,5,-0.24,0.05,-1e-05,1e-05
20190224160537,https://webarchive.loc.gov/all/20190224160537/https://twitter.com/joesestak,10016,2019-02-24 16:05:37,-25,-1,-0.25,-0.01,-1e-05,-0.0
20190302214841,https://webarchive.loc.gov/all/20190302214841/https://twitter.com/joesestak,10013,2019-03-02 21:48:41,-28,-3,-0.28,-0.03,-1e-05,-1e-05
20190310192304,https://webarchive.loc.gov/all/20190310192304/https://twitter.com/joesestak,10005,2019-03-10 19:23:04,-36,-8,-0.36,-0.08,-1e-05,-1e-05
20190316092048,https://webarchive.loc.gov/all/20190316092048/https://twitter.com/joesestak,10008,2019-03-16 09:20:48,-33,3,-0.33,0.03,-1e-05,1e-05
20190402005615,https://webarchive.loc.gov/all/20190402005615/https://twitter.com/joesestak,10008,2019-04-02 00:56:15,-33,0,-0.33,0.0,-0.0,0.0
20190625233920,http://web.archive.org/web/20190625233920/https://twitter.com/joesestak,10715,2019-06-25 23:39:20,674,707,6.71,7.06,5e-05,0.0001
20190702184602,http://web.archive.org/web/20190702184602/https://twitter.com/joesestak,11035,2019-07-02 18:46:02,994,320,9.9,2.99,7e-05,0.00054
20190709180758,http://web.archive.org/web/20190709180758/https://twitter.com/joesestak,11194,2019-07-09 18:07:58,1153,159,11.48,1.44,7e-05,0.00026
20190715213119,http://web.archive.org/web/20190715213119/https://twitter.com/joesestak,11324,2019-07-15 21:31:19,1283,130,12.78,1.16,8e-05,0.00025
20190723194904,http://web.archive.org/web/20190723194904/https://twitter.com/joesestak,11683,2019-07-23 19:49:04,1642,359,16.35,3.17,0.0001,0.00052
20190725171650,http://web.archive.org/web/20190725171650/https://twitter.com/JoeSestak,11713,2019-07-25 17:16:50,1672,30,16.65,0.26,0.0001,0.00018
20190730233155,http://web.archive.org/web/20190730233155/https://twitter.com/joesestak,11787,2019-07-30 23:31:55,1746,74,17.39,0.63,0.0001,0.00016
20190804191902,http://web.archive.org/web/20190804191902/http://twitter.com/joesestak,11900,2019-08-04 19:19:02,1859,113,18.51,0.96,0.00011,0.00027
20190806210156,http://web.archive.org/web/20190806210156/https://twitter.com/joesestak,11939,2019-08-06 21:01:56,1898,39,18.9,0.33,0.00011,0.00022
20190813185624,http://web.archive.org/web/20190813185624/https://twitter.com/joesestak,12165,2019-08-13 18:56:24,2124,226,21.15,1.89,0.00012,0.00038
20190818181933,http://web.archive.org/web/20190818181933/http://twitter.com/joesestak,12304,2019-08-18 18:19:33,2263,139,22.54,1.14,0.00012,0.00032
20190820171930,http://web.archive.org/web/20190820171930/https://twitter.com/joesestak,12343,2019-08-20 17:19:30,2302,39,22.93,0.32,0.00012,0.00023
20190827174950,http://web.archive.org/web/20190827174950/https://twitter.com/joesestak,12491,2019-08-27 17:49:50,2450,148,24.4,1.2,0.00012,0.00024
20190903220718,https://web.archive.org/web/20190903220718/https://twitter.com/joesestak,12722,2019-09-03 22:07:18,2681,231,26.7,1.85,0.00013,0.00037
20190910202940,https://web.archive.org/web/20190910202940/https://twitter.com/joesestak,12838,2019-09-10 20:29:40,2797,116,27.86,0.91,0.00013,0.00019
20190918010349,https://web.archive.org/web/20190918010349/https://twitter.com/joesestak,12904,2019-09-18 01:03:49,2863,66,28.51,0.51,0.00013,0.00011
20190924213111,https://web.archive.org/web/20190924213111/https://twitter.com/joesestak,12965,2019-09-24 21:31:11,2924,61,29.12,0.47,0.00013,0.0001
20191002010711,https://web.archive.org/web/20191002010711/https://twitter.com/joesestak,13013,2019-10-02 01:07:11,2972,48,29.6,0.37,0.00013,8e-05
20191008063338,https://web.archive.org/web/20191008063338/https://twitter.com/JoeSestak,13075,2019-10-08 06:33:38,3034,62,30.22,0.48,0.00013,0.00012
20191009093950,https://web.archive.org/web/20191009093950/https://twitter.com/joesestak,13083,2019-10-09 09:39:50,3042,8,30.3,0.06,0.00013,8e-05
20191015222853,https://web.archive.org/web/20191015222853/https://twitter.com/joesestak,13094,2019-10-15 22:28:53,3053,11,30.41,0.08,0.00013,2e-05
20191022201600,https://web.archive.org/web/20191022201600/https://twitter.com/joesestak,13150,2019-10-22 20:16:00,3109,56,30.96,0.43,0.00013,9e-05
20191030074629,https://web.archive.org/web/20191030074629/https://twitter.com/joesestak,13206,2019-10-30 07:46:29,3165,56,31.52,0.43,0.00013,9e-05
20191106034929,https://web.archive.org/web/20191106034929/https://twitter.com/joesestak,13273,2019-11-06 03:49:29,3232,67,32.19,0.51,0.00013,0.00011
20191112212105,https://web.archive.org/web/20191112212105/https://twitter.com/joesestak,13421,2019-11-12 21:21:05,3380,148,33.66,1.12,0.00013,0.00025
20191113232610,https://web.archive.org/web/20191113232610/https://twitter.com/joesestak,13430,2019-11-13 23:26:10,3389,9,33.75,0.07,0.00013,0.0001
20191118213519,https://web.archive.org/web/20191118213519/https://www.twitter.com/JoeSestak,13477,2019-11-18 21:35:19,3436,47,34.22,0.35,0.00013,0.00011
20191119214444,https://web.archive.org/web/20191119214444/https://twitter.com/joesestak,13491,2019-11-19 21:44:44,3450,14,34.36,0.1,0.00013,0.00016
20191121002145,https://web.archive.org/web/20191121002145/https://twitter.com/joesestak,13502,2019-11-21 00:21:45,3461,11,34.47,0.08,0.00013,0.00011
20191122151832,https://web.archive.org/web/20191122151832/https://twitter.com/JoeSestak,13525,2019-11-22 15:18:32,3484,23,34.7,0.17,0.00013,0.00016
20191124223447,https://web.archive.org/web/20191124223447/https://twitter.com/JoeSestak,13540,2019-11-24 22:34:47,3499,15,34.85,0.11,0.00013,8e-05
20191126003000,https://web.archive.org/web/20191126003000/https://twitter.com/JoeSestak,13549,2019-11-26 00:30:00,3508,9,34.94,0.07,0.00013,0.0001
20191127055216,https://web.archive.org/web/20191127055216/https://twitter.com/joesestak,13555,2019-11-27 05:52:16,3514,6,35.0,0.04,0.00013,6e-05
20191202201630,https://web.archive.org/web/20191202201630/https://twitter.com/JoeSestak,13821,2019-12-02 20:16:30,3780,266,37.65,1.96,0.00013,0.00055
20191204050944,https://web.archive.org/web/20191204050944/https://twitter.com/joesestak,13826,2019-12-04 05:09:44,3785,5,37.7,0.04,0.00013,4e-05
20191205143000,https://web.archive.org/web/20191205143000/https://twitter.com/joesestak,13820,2019-12-05 14:30:00,3779,-6,37.64,-0.04,0.00013,-5e-05
20191211003105,https://web.archive.org/web/20191211003105/https://twitter.com/joesestak,13807,2019-12-11 00:31:05,3766,-13,37.51,-0.09,0.00013,-3e-05
20191212041858,https://web.archive.org/web/20191212041858/https://twitter.com/joesestak,13799,2019-12-12 04:18:58,3758,-8,37.43,-0.06,0.00013,-8e-05
20191217194734,https://web.archive.org/web/20191217194734/https://twitter.com/joesestak,13791,2019-12-17 19:47:34,3750,-8,37.35,-0.06,0.00013,-2e-05
20191218205659,https://web.archive.org/web/20191218205659/https://twitter.com/joesestak,13791,2019-12-18 20:56:59,3750,0,37.35,0.0,0.00013,0.0
20191220125304,https://web.archive.org/web/20191220125304/https://twitter.com/joesestak,13785,2019-12-20 12:53:04,3744,-6,37.29,-0.04,0.00013,-4e-05
20191224185704,https://web.archive.org/web/20191224185704/https://twitter.com/joesestak,13766,2019-12-24 18:57:04,3725,-19,37.1,-0.14,0.00012,-5e-05
20191225200049,https://web.archive.org/web/20191225200049/https://twitter.com/joesestak,13764,2019-12-25 20:00:49,3723,-2,37.08,-0.01,0.00012,-2e-05
20191226223654,https://web.archive.org/web/20191226223654/https://twitter.com/joesestak,13757,2019-12-26 22:36:54,3716,-7,37.01,-0.05,0.00012,-7e-05
20200101002035,https://web.archive.org/web/20200101002035/https://twitter.com/JoeSestak,13727,2020-01-01 00:20:35,3686,-30,36.71,-0.22,0.00012,-7e-05
20200102050620,https://web.archive.org/web/20200102050620/https://twitter.com/joesestak,13719,2020-01-02 05:06:20,3678,-8,36.63,-0.06,0.00012,-8e-05
20200103153723,https://web.archive.org/web/20200103153723/https://twitter.com/joesestak,13721,2020-01-03 15:37:23,3680,2,36.65,0.01,0.00012,2e-05
20200108004007,https://web.archive.org/web/20200108004007/https://twitter.com/joesestak,13697,2020-01-08 00:40:07,3656,-24,36.41,-0.17,0.00012,-6e-05
20200109114825,https://web.archive.org/web/20200109114825/https://twitter.com/joesestak,13700,2020-01-09 11:48:25,3659,3,36.44,0.02,0.00012,2e-05
20200113213313,https://web.archive.org/web/20200113213313/https://twitter.com/joesestak,13696,2020-01-13 21:33:13,3655,-4,36.4,-0.03,0.00012,-1e-05
20200115072233,https://web.archive.org/web/20200115072233/https://twitter.com/joesestak,13685,2020-01-15 07:22:33,3644,-11,36.29,-0.08,0.00011,-9e-05
20200116134917,https://web.archive.org/web/20200116134917/https://twitter.com/joesestak,13680,2020-01-16 13:49:17,3639,-5,36.24,-0.04,0.00011,-5e-05
20200122044807,https://web.archive.org/web/20200122044807/https://twitter.com/joesestak,13676,2020-01-22 04:48:07,3635,-4,36.2,-0.03,0.00011,-1e-05
20200123060733,https://web.archive.org/web/20200123060733/https://twitter.com/joesestak,13677,2020-01-23 06:07:33,3636,1,36.21,0.01,0.00011,1e-05
20200126043205,https://web.archive.org/web/20200126043205/https://twitter.com/joesestak,13685,2020-01-26 04:32:05,3644,8,36.29,0.06,0.00011,3e-05
20200129000028,https://web.archive.org/web/20200129000028/https://twitter.com/joesestak,13691,2020-01-29 00:00:28,3650,6,36.35,0.04,0.00011,2e-05
20200215101725,https://web.archive.org/web/20200215101725/http://twitter.com/JoeSestak,13698,2020-02-15 10:17:25,3657,7,36.42,0.05,0.00011,0.0
20200301084304,https://web.archive.org/web/20200301084304/https://twitter.com/joesestak,13642,2020-03-01 08:43:04,3601,-56,35.86,-0.41,0.0001,-4e-05
