MementoTimestamp,URI-M,FollowerCount,DateTime,AbsRelative,AbsPrevRelative,PerRelative,PerPrevRelative,RateRelative,RatePrevRelative
20190305070348,https://web.archive.org/web/20190305070348/https://twitter.com/johndelaney,15156,2019-03-05 07:03:48,0,0,0,0,0,0
20190416231426,https://web.archive.org/web/20190416231426/https://www.twitter.com/johndelaney,19201,2019-04-16 23:14:26,4045,4045,26.69,26.69,0.0011,0.0011
20190421150341,https://web.archive.org/web/20190421150341/https://twitter.com/johndelaney,19349,2019-04-21 15:03:41,4193,148,27.67,0.77,0.00103,0.00037
20190428134829,https://web.archive.org/web/20190428134829/https://twitter.com/JohnDelaney,19790,2019-04-28 13:48:29,4634,441,30.58,2.28,0.00099,0.00073
20190430064932,https://web.archive.org/web/20190430064932/http://twitter.com/JohnDelaney,19856,2019-04-30 06:49:32,4700,66,31.01,0.33,0.00097,0.00045
20190508054550,https://web.archive.org/web/20190508054550/https://twitter.com/JohnDelaney,20104,2019-05-08 05:45:50,4948,248,32.65,1.25,0.0009,0.00036
20190521150559,https://web.archive.org/web/20190521150559/https://twitter.com/johndelaney,20666,2019-05-21 15:05:59,5510,562,36.36,2.8,0.00083,0.00049
20190524170504,https://web.archive.org/web/20190524170504/https://twitter.com/johndelaney,20797,2019-05-24 17:05:04,5641,131,37.22,0.63,0.00081,0.00049
20190525200856,https://web.archive.org/web/20190525200856/https://twitter.com/JohnDelaney,20822,2019-05-25 20:08:56,5666,25,37.38,0.12,0.0008,0.00026
20190528160437,https://web.archive.org/web/20190528160437/https://twitter.com/JohnDelaney,20859,2019-05-28 16:04:37,5703,37,37.63,0.18,0.00078,0.00015
20190617040146,https://web.archive.org/web/20190617040146/https://twitter.com/johndelaney,22113,2019-06-17 04:01:46,6957,1254,45.9,6.01,0.00078,0.00074
20190621145438,https://web.archive.org/web/20190621145438/https://twitter.com/johndelaney,22265,2019-06-21 14:54:38,7109,152,46.91,0.69,0.00076,0.0004
20190704211901,https://web.archive.org/web/20190704211901/https://twitter.com/johndelaney,26583,2019-07-04 21:19:01,11427,4318,75.4,19.39,0.00109,0.00377
20190721145859,https://web.archive.org/web/20190721145859/https://twitter.com/johndelaney,27482,2019-07-21 14:58:59,12326,899,81.33,3.38,0.00103,0.00062
20190724191600,https://web.archive.org/web/20190724191600/https://twitter.com/JohnDelaney,27583,2019-07-24 19:16:00,12427,101,81.99,0.37,0.00102,0.00037
20190805170427,https://web.archive.org/web/20190805170427/https://twitter.com/JohnDelaney,33672,2019-08-05 17:04:27,18516,6089,122.17,22.08,0.0014,0.00592
20190823151633,https://web.archive.org/web/20190823151633/https://www.twitter.com/JohnDelaney,35595,2019-08-23 15:16:33,20439,1923,134.86,5.71,0.00138,0.00124
20190831050018,https://web.archive.org/web/20190831050018/https://www.twitter.com/johndelaney,35903,2019-08-31 05:00:18,20747,308,136.89,0.87,0.00134,0.00047
20191001225024,https://web.archive.org/web/20191001225024/https://twitter.com/johndelaney,36508,2019-10-01 22:50:24,21352,605,140.88,1.69,0.00117,0.00022
20191008184426,https://web.archive.org/web/20191008184426/https://twitter.com/johndelaney,36612,2019-10-08 18:44:26,21456,104,141.57,0.28,0.00114,0.00018
20191015211351,https://web.archive.org/web/20191015211351/https://twitter.com/johndelaney,36652,2019-10-15 21:13:51,21496,40,141.83,0.11,0.00111,7e-05
20191018060610,https://web.archive.org/web/20191018060610/https://twitter.com/JohnDelaney,36694,2019-10-18 06:06:10,21538,42,142.11,0.11,0.0011,0.00021
20191022183241,https://web.archive.org/web/20191022183241/https://twitter.com/johndelaney,36932,2019-10-22 18:32:41,21776,238,143.68,0.65,0.00109,0.00061
20191024122203,https://web.archive.org/web/20191024122203/https://twitter.com/johndelaney,36953,2019-10-24 12:22:03,21797,21,143.82,0.06,0.00108,0.00014
20191029225104,https://web.archive.org/web/20191029225104/https://twitter.com/johndelaney,37048,2019-10-29 22:51:04,21892,95,144.44,0.26,0.00106,0.0002
20191105234446,https://web.archive.org/web/20191105234446/https://twitter.com/johndelaney,37114,2019-11-05 23:44:46,21958,66,144.88,0.18,0.00103,0.00011
20191107034228,https://web.archive.org/web/20191107034228/https://twitter.com/johndelaney,37120,2019-11-07 03:42:28,21964,6,144.92,0.02,0.00103,6e-05
20191112212617,https://web.archive.org/web/20191112212617/https://twitter.com/johndelaney,37166,2019-11-12 21:26:17,22010,46,145.22,0.12,0.00101,9e-05
20191113212956,https://web.archive.org/web/20191113212956/https://twitter.com/johndelaney,37167,2019-11-13 21:29:56,22011,1,145.23,0.0,0.001,1e-05
20191115163002,https://web.archive.org/web/20191115163002/https://www.twitter.com/johndelaney,37149,2019-11-15 16:30:02,21993,-18,145.11,-0.05,0.001,-0.00012
20191118202612,https://web.archive.org/web/20191118202612/https://twitter.com/JohnDelaney,37192,2019-11-18 20:26:12,22036,43,145.39,0.12,0.00099,0.00016
20191119205911,https://web.archive.org/web/20191119205911/https://twitter.com/JohnDelaney,37204,2019-11-19 20:59:11,22048,12,145.47,0.03,0.00098,0.00014
20191120212755,https://web.archive.org/web/20191120212755/https://twitter.com/johndelaney,37212,2019-11-20 21:27:55,22056,8,145.53,0.02,0.00098,9e-05
20191121215241,https://web.archive.org/web/20191121215241/https://twitter.com/JohnDelaney,37222,2019-11-21 21:52:41,22066,10,145.59,0.03,0.00098,0.00011
20191122222724,https://web.archive.org/web/20191122222724/https://twitter.com/JohnDelaney,37226,2019-11-22 22:27:24,22070,4,145.62,0.01,0.00097,5e-05
20191124223432,https://web.archive.org/web/20191124223432/https://twitter.com/JohnDelaney,37279,2019-11-24 22:34:32,22123,53,145.97,0.14,0.00097,0.00031
20191126001018,https://web.archive.org/web/20191126001018/https://twitter.com/JohnDelaney,37501,2019-11-26 00:10:18,22345,222,147.43,0.6,0.00097,0.00241
20191127142707,https://web.archive.org/web/20191127142707/https://twitter.com/johndelaney,37590,2019-11-27 14:27:07,22434,89,148.02,0.24,0.00097,0.00065
20191204065913,https://web.archive.org/web/20191204065913/https://twitter.com/johndelaney,37744,2019-12-04 06:59:13,22588,154,149.04,0.41,0.00095,0.00027
20191206134739,https://web.archive.org/web/20191206134739/https://twitter.com/johndelaney,37846,2019-12-06 13:47:39,22690,102,149.71,0.27,0.00095,0.00052
20191211052512,https://web.archive.org/web/20191211052512/https://twitter.com/johndelaney,37992,2019-12-11 05:25:12,22836,146,150.67,0.39,0.00094,0.00036
20191212061040,https://web.archive.org/web/20191212061040/https://twitter.com/johndelaney,37998,2019-12-12 06:10:40,22842,6,150.71,0.02,0.00094,7e-05
20191213062220,https://web.archive.org/web/20191213062220/https://twitter.com/JohnDelaney,38011,2019-12-13 06:22:20,22855,13,150.8,0.03,0.00093,0.00015
20191218053553,https://web.archive.org/web/20191218053553/https://twitter.com/johndelaney,38032,2019-12-18 05:35:53,22876,21,150.94,0.06,0.00092,5e-05
20191225020421,https://web.archive.org/web/20191225020421/https://www.twitter.com/johndelaney,38026,2019-12-25 02:04:21,22870,-6,150.9,-0.02,0.0009,-1e-05
20191226101640,https://web.archive.org/web/20191226101640/https://twitter.com/johndelaney,38022,2019-12-26 10:16:40,22866,-4,150.87,-0.01,0.00089,-3e-05
20191227123433,https://web.archive.org/web/20191227123433/https://twitter.com/johndelaney,38018,2019-12-27 12:34:33,22862,-4,150.84,-0.01,0.00089,-4e-05
20200101002159,https://web.archive.org/web/20200101002159/https://twitter.com/JohnDelaney,38005,2020-01-01 00:21:59,22849,-13,150.76,-0.03,0.00088,-3e-05
20200102031132,https://web.archive.org/web/20200102031132/https://twitter.com/johndelaney,37997,2020-01-02 03:11:32,22841,-8,150.71,-0.02,0.00087,-8e-05
20200103103118,https://web.archive.org/web/20200103103118/https://www.twitter.com/johndelaney,38032,2020-01-03 10:31:18,22876,35,150.94,0.09,0.00087,0.00031
20200105065902,https://web.archive.org/web/20200105065902/https://twitter.com/johndelaney,38040,2020-01-05 06:59:02,22884,8,150.99,0.02,0.00087,5e-05
20200108025536,https://web.archive.org/web/20200108025536/https://twitter.com/johndelaney,38049,2020-01-08 02:55:36,22893,9,151.05,0.02,0.00086,4e-05
20200109025924,https://web.archive.org/web/20200109025924/https://twitter.com/johndelaney,38076,2020-01-09 02:59:24,22920,27,151.23,0.07,0.00086,0.00031
20200115033258,https://web.archive.org/web/20200115033258/https://twitter.com/johndelaney,38112,2020-01-15 03:32:58,22956,36,151.46,0.09,0.00084,7e-05
20200116040303,https://web.archive.org/web/20200116040303/https://twitter.com/johndelaney,38117,2020-01-16 04:03:03,22961,5,151.5,0.01,0.00084,6e-05
20200117052630,https://web.archive.org/web/20200117052630/https://twitter.com/johndelaney,38120,2020-01-17 05:26:30,22964,3,151.52,0.01,0.00084,3e-05
20200119084601,https://web.archive.org/web/20200119084601/https://twitter.com/johndelaney,38154,2020-01-19 08:46:01,22998,34,151.74,0.09,0.00083,0.00018
20200122084917,https://web.archive.org/web/20200122084917/https://twitter.com/johndelaney,38178,2020-01-22 08:49:17,23022,24,151.9,0.06,0.00082,9e-05
20200123154510,https://web.archive.org/web/20200123154510/https://twitter.com/johndelaney,38189,2020-01-23 15:45:10,23033,11,151.97,0.03,0.00082,0.0001
20200125001924,https://web.archive.org/web/20200125001924/https://twitter.com/johndelaney,38188,2020-01-25 00:19:24,23032,-1,151.97,-0.0,0.00082,-1e-05
20200128234235,https://web.archive.org/web/20200128234235/https://www.twitter.com/johndelaney,38229,2020-01-28 23:42:35,23073,41,152.24,0.11,0.00081,0.00012
20200206140046,https://web.archive.org/web/20200206140046/https://twitter.com/JohnDelaney,38191,2020-02-06 14:00:46,23035,-38,151.99,-0.1,0.00079,-5e-05
20200208194948,https://web.archive.org/web/20200208194948/https://www.twitter.com/johndelaney,38279,2020-02-08 19:49:48,23123,88,152.57,0.23,0.00079,0.00045
20200211112120,https://web.archive.org/web/20200211112120/https://twitter.com/JohnDelaney,38270,2020-02-11 11:21:20,23114,-9,152.51,-0.02,0.00078,-4e-05
20200229102058,https://web.archive.org/web/20200229102058/https://twitter.com/johndelaney,38718,2020-02-29 10:20:58,23562,448,155.46,1.17,0.00076,0.00029
