MementoTimestamp,URI-M,FollowerCount,DateTime,AbsRelative,AbsPrevRelative,PerRelative,PerPrevRelative,RateRelative,RatePrevRelative
20190130051937,https://web.archive.org/web/20190130051937/https://twitter.com/sethmoulton,135567,2019-01-30 05:19:37,0,0,0,0,0,0
20190206140438,https://web.archive.org/web/20190206140438/https://twitter.com/sethmoulton,135481,2019-02-06 14:04:38,-86,-86,-0.06,-0.06,-0.00014,-0.00014
20190331151946,https://webarchive.loc.gov/all/20190331151946/https://twitter.com/sethmoulton,135525,2019-03-31 15:19:46,-42,44,-0.03,0.03,-1e-05,1e-05
20190430213828,https://web.archive.org/web/20190430213828/http://twitter.com/sethmoulton,138163,2019-04-30 21:38:28,2596,2638,1.91,1.95,0.00033,0.00101
20190503194054,https://web.archive.org/web/20190503194054/http://twitter.com/sethmoulton,138310,2019-05-03 19:40:54,2743,147,2.02,0.11,0.00034,0.00058
20190507135953,https://web.archive.org/web/20190507135953/https://twitter.com/sethmoulton,138363,2019-05-07 13:59:53,2796,53,2.06,0.04,0.00033,0.00016
20190508203820,https://web.archive.org/web/20190508203820/https://twitter.com/sethmoulton,138363,2019-05-08 20:38:20,2796,0,2.06,0.0,0.00033,0.0
20190513162601,https://web.archive.org/web/20190513162601/https://twitter.com/sethmoulton,138465,2019-05-13 16:26:01,2898,102,2.14,0.07,0.00032,0.00024
20190514182453,https://web.archive.org/web/20190514182453/https://twitter.com/sethmoulton,138733,2019-05-14 18:24:53,3166,268,2.34,0.19,0.00035,0.00287
20190517102149,https://web.archive.org/web/20190517102149/https://twitter.com/sethmoulton,138966,2019-05-17 10:21:49,3399,233,2.51,0.17,0.00037,0.00101
20190522024736,https://web.archive.org/web/20190522024736/https://twitter.com/sethmoulton,139305,2019-05-22 02:47:36,3738,339,2.76,0.24,0.00039,0.00084
20190528130432,https://web.archive.org/web/20190528130432/https://twitter.com/sethmoulton,139850,2019-05-28 13:04:32,4283,545,3.16,0.39,0.00042,0.00098
20190605033629,https://web.archive.org/web/20190605033629/https://twitter.com/sethmoulton,141873,2019-06-05 03:36:29,6306,2023,4.65,1.45,0.00058,0.00308
20190606152511,https://web.archive.org/web/20190606152511/https://twitter.com/sethmoulton,142061,2019-06-06 15:25:11,6494,188,4.79,0.13,0.00059,0.00146
20190608195524,https://web.archive.org/web/20190608195524/https://twitter.com/sethmoulton,142581,2019-06-08 19:55:24,7014,520,5.17,0.37,0.00063,0.00275
20190612032552,https://web.archive.org/web/20190612032552/https://twitter.com/sethmoulton,142780,2019-06-12 03:25:52,7213,199,5.32,0.14,0.00063,0.0007
20190617055144,https://web.archive.org/web/20190617055144/https://twitter.com/sethmoulton,142909,2019-06-17 05:51:44,7342,129,5.42,0.09,0.00062,0.00029
20190618202450,https://web.archive.org/web/20190618202450/https://twitter.com/sethmoulton,142966,2019-06-18 20:24:50,7399,57,5.46,0.04,0.00061,0.00041
20190621061154,https://web.archive.org/web/20190621061154/https://twitter.com/sethmoulton,143018,2019-06-21 06:11:54,7451,52,5.5,0.04,0.00061,0.00025
20190625231944,https://web.archive.org/web/20190625231944/https://twitter.com/sethmoulton,143081,2019-06-25 23:19:44,7514,63,5.54,0.04,0.00059,0.00015
20190702182738,https://web.archive.org/web/20190702182738/https://twitter.com/sethmoulton,143381,2019-07-02 18:27:38,7814,300,5.76,0.21,0.00059,0.00051
20190709193054,https://web.archive.org/web/20190709193054/https://twitter.com/sethmoulton,143559,2019-07-09 19:30:54,7992,178,5.9,0.12,0.00058,0.00029
20190715213119,https://web.archive.org/web/20190715213119/https://twitter.com/sethmoulton,143738,2019-07-15 21:31:19,8171,179,6.03,0.12,0.00057,0.00034
20190723181217,https://web.archive.org/web/20190723181217/https://twitter.com/sethmoulton,144025,2019-07-23 18:12:17,8458,287,6.24,0.2,0.00056,0.00042
20190724191337,https://web.archive.org/web/20190724191337/https://twitter.com/sethmoulton,144009,2019-07-24 19:13:37,8442,-16,6.23,-0.01,0.00056,-0.00018
20190730205712,https://web.archive.org/web/20190730205712/https://twitter.com/sethmoulton,146828,2019-07-30 20:57:12,11261,2819,8.31,1.96,0.00072,0.00537
20190801053009,https://web.archive.org/web/20190801053009/https://twitter.com/sethmoulton,146995,2019-08-01 05:30:09,11428,167,8.43,0.11,0.00072,0.00143
20190806215124,https://web.archive.org/web/20190806215124/https://twitter.com/sethmoulton,147289,2019-08-06 21:51:24,11722,294,8.65,0.2,0.00072,0.0006
20190813185624,https://web.archive.org/web/20190813185624/https://twitter.com/sethmoulton,147331,2019-08-13 18:56:24,11764,42,8.68,0.03,0.0007,7e-05
20190820184129,https://web.archive.org/web/20190820184129/https://twitter.com/sethmoulton,147328,2019-08-20 18:41:29,11761,-3,8.68,-0.0,0.00067,-0.0
20190827183218,https://web.archive.org/web/20190827183218/https://twitter.com/sethmoulton,148045,2019-08-27 18:32:18,12478,717,9.2,0.49,0.00069,0.00119
20190903224340,https://web.archive.org/web/20190903224340/https://twitter.com/sethmoulton,147938,2019-09-03 22:43:40,12371,-107,9.13,-0.07,0.00066,-0.00017
20190910235732,https://web.archive.org/web/20190910235732/https://twitter.com/sethmoulton,147847,2019-09-10 23:57:32,12280,-91,9.06,-0.06,0.00064,-0.00015
20190918015719,https://web.archive.org/web/20190918015719/https://twitter.com/sethmoulton,147720,2019-09-18 01:57:19,12153,-127,8.96,-0.09,0.00061,-0.00021
20190924172028,https://web.archive.org/web/20190924172028/https://twitter.com/sethmoulton,147613,2019-09-24 17:20:28,12046,-107,8.89,-0.07,0.00059,-0.00019
20190925232703,https://web.archive.org/web/20190925232703/https://twitter.com/sethmoulton,147602,2019-09-25 23:27:03,12035,-11,8.88,-0.01,0.00058,-0.0001
20191001210017,https://web.archive.org/web/20191001210017/https://twitter.com/sethmoulton,147538,2019-10-01 21:00:17,11971,-64,8.83,-0.04,0.00057,-0.00013
20191007025834,https://web.archive.org/web/20191007025834/https://twitter.com/sethmoulton,147492,2019-10-07 02:58:34,11925,-46,8.8,-0.03,0.00055,-0.0001
20191008194355,https://web.archive.org/web/20191008194355/https://twitter.com/sethmoulton,147472,2019-10-08 19:43:55,11905,-20,8.78,-0.01,0.00055,-0.00014
20191010034259,https://web.archive.org/web/20191010034259/https://twitter.com/sethmoulton,147478,2019-10-10 03:42:59,11911,6,8.79,0.0,0.00055,5e-05
20191016002031,https://web.archive.org/web/20191016002031/https://twitter.com/sethmoulton,147418,2019-10-16 00:20:31,11851,-60,8.74,-0.04,0.00053,-0.00012
20191022184716,https://web.archive.org/web/20191022184716/https://twitter.com/sethmoulton,147415,2019-10-22 18:47:16,11848,-3,8.74,-0.0,0.00052,-1e-05
20191024033623,https://web.archive.org/web/20191024033623/https://twitter.com/sethmoulton,147379,2019-10-24 03:36:23,11812,-36,8.71,-0.02,0.00051,-0.0003
20191029233831,https://web.archive.org/web/20191029233831/https://twitter.com/sethmoulton,147405,2019-10-29 23:38:31,11838,26,8.73,0.02,0.0005,5e-05
20191030235902,https://web.archive.org/web/20191030235902/https://twitter.com/sethmoulton,147425,2019-10-30 23:59:02,11858,20,8.75,0.01,0.0005,0.00023
20191105203434,https://web.archive.org/web/20191105203434/https://twitter.com/sethmoulton,147397,2019-11-05 20:34:34,11830,-28,8.73,-0.02,0.00049,-5e-05
20191106221301,https://web.archive.org/web/20191106221301/https://twitter.com/sethmoulton,147375,2019-11-06 22:13:01,11808,-22,8.71,-0.01,0.00049,-0.00024
20191108012535,https://web.archive.org/web/20191108012535/https://twitter.com/sethmoulton,147346,2019-11-08 01:25:35,11779,-29,8.69,-0.02,0.00048,-0.0003
20191111163245,https://web.archive.org/web/20191111163245/https://twitter.com/sethmoulton,147346,2019-11-11 16:32:45,11779,0,8.69,0.0,0.00048,0.0
20191112220903,https://web.archive.org/web/20191112220903/https://twitter.com/sethmoulton,147331,2019-11-12 22:09:03,11764,-15,8.68,-0.01,0.00047,-0.00014
20191119212115,https://web.archive.org/web/20191119212115/https://twitter.com/sethmoulton,147384,2019-11-19 21:21:15,11817,53,8.72,0.04,0.00047,9e-05
20191120212515,https://web.archive.org/web/20191120212515/https://twitter.com/sethmoulton,147369,2019-11-20 21:25:15,11802,-15,8.71,-0.01,0.00046,-0.00017
20191121234012,https://web.archive.org/web/20191121234012/https://twitter.com/sethmoulton,147349,2019-11-21 23:40:12,11782,-20,8.69,-0.01,0.00046,-0.00021
20191126185211,https://web.archive.org/web/20191126185211/https://twitter.com/sethmoulton,147282,2019-11-26 18:52:11,11715,-67,8.64,-0.05,0.00045,-0.00016
20191127233627,https://web.archive.org/web/20191127233627/https://twitter.com/sethmoulton,147285,2019-11-27 23:36:27,11718,3,8.64,0.0,0.00045,3e-05
20191204003825,https://web.archive.org/web/20191204003825/https://twitter.com/sethmoulton,147170,2019-12-04 00:38:25,11603,-115,8.56,-0.08,0.00044,-0.00022
20191205044212,https://web.archive.org/web/20191205044212/https://twitter.com/sethmoulton,147149,2019-12-05 04:42:12,11582,-21,8.54,-0.01,0.00043,-0.00021
20191206100847,https://web.archive.org/web/20191206100847/https://twitter.com/sethmoulton,147131,2019-12-06 10:08:47,11564,-18,8.53,-0.01,0.00043,-0.00017
20191210191222,https://web.archive.org/web/20191210191222/https://twitter.com/sethmoulton,147059,2019-12-10 19:12:22,11492,-72,8.48,-0.05,0.00042,-0.00019
20191211223407,https://web.archive.org/web/20191211223407/https://twitter.com/sethmoulton,147043,2019-12-11 22:34:07,11476,-16,8.47,-0.01,0.00042,-0.00016
20191213042434,https://web.archive.org/web/20191213042434/https://twitter.com/sethmoulton,147011,2019-12-13 04:24:34,11444,-32,8.44,-0.02,0.00042,-0.0003
20191217210859,https://web.archive.org/web/20191217210859/https://twitter.com/sethmoulton,146971,2019-12-17 21:08:59,11404,-40,8.41,-0.03,0.00041,-0.0001
20191218233420,https://web.archive.org/web/20191218233420/https://twitter.com/sethmoulton,146986,2019-12-18 23:34:20,11419,15,8.42,0.01,0.00041,0.00016
20191224153140,https://web.archive.org/web/20191224153140/https://twitter.com/sethmoulton,147016,2019-12-24 15:31:40,11449,30,8.45,0.02,0.0004,6e-05
20191225161602,https://web.archive.org/web/20191225161602/https://twitter.com/sethmoulton,147004,2019-12-25 16:16:02,11437,-12,8.44,-0.01,0.0004,-0.00013
20191226204312,https://web.archive.org/web/20191226204312/https://twitter.com/sethmoulton,146973,2019-12-26 20:43:12,11406,-31,8.41,-0.02,0.0004,-0.0003
20200101012528,https://web.archive.org/web/20200101012528/https://twitter.com/sethmoulton,146827,2020-01-01 01:25:28,11260,-146,8.31,-0.1,0.00039,-0.00033
20200102013908,https://web.archive.org/web/20200102013908/https://twitter.com/sethmoulton,146797,2020-01-02 01:39:08,11230,-30,8.28,-0.02,0.00039,-0.00034
20200103042309,https://web.archive.org/web/20200103042309/https://twitter.com/sethmoulton,146771,2020-01-03 04:23:09,11204,-26,8.26,-0.02,0.00038,-0.00027
20200105090729,https://web.archive.org/web/20200105090729/https://twitter.com/sethmoulton,146838,2020-01-05 09:07:29,11271,67,8.31,0.05,0.00038,0.00035
20200108005848,https://web.archive.org/web/20200108005848/https://twitter.com/sethmoulton,147137,2020-01-08 00:58:48,11570,299,8.53,0.2,0.00039,0.0013
20200109070644,https://web.archive.org/web/20200109070644/https://twitter.com/sethmoulton,147207,2020-01-09 07:06:44,11640,70,8.59,0.05,0.00039,0.00065
20200110152839,https://web.archive.org/web/20200110152839/https://twitter.com/sethmoulton,147199,2020-01-10 15:28:39,11632,-8,8.58,-0.01,0.00039,-7e-05
20200114221008,https://web.archive.org/web/20200114221008/https://twitter.com/sethmoulton,147133,2020-01-14 22:10:08,11566,-66,8.53,-0.04,0.00038,-0.00018
20200115233518,https://web.archive.org/web/20200115233518/https://twitter.com/sethmoulton,147118,2020-01-15 23:35:18,11551,-15,8.52,-0.01,0.00038,-0.00016
20200117011759,https://web.archive.org/web/20200117011759/https://twitter.com/sethmoulton,147094,2020-01-17 01:17:59,11527,-24,8.5,-0.02,0.00038,-0.00026
20200118032521,https://web.archive.org/web/20200118032521/https://twitter.com/sethmoulton,147072,2020-01-18 03:25:21,11505,-22,8.49,-0.01,0.00038,-0.00023
20200119105128,https://web.archive.org/web/20200119105128/https://twitter.com/sethmoulton,147066,2020-01-19 10:51:28,11499,-6,8.48,-0.0,0.00038,-5e-05
20200122020119,https://web.archive.org/web/20200122020119/https://twitter.com/sethmoulton,147028,2020-01-22 02:01:19,11461,-38,8.45,-0.03,0.00037,-0.00017
20200123052318,https://web.archive.org/web/20200123052318/https://twitter.com/sethmoulton,147013,2020-01-23 05:23:18,11446,-15,8.44,-0.01,0.00037,-0.00015
20200124060611,https://web.archive.org/web/20200124060611/https://twitter.com/sethmoulton,146998,2020-01-24 06:06:11,11431,-15,8.43,-0.01,0.00037,-0.00017
20200125093029,https://web.archive.org/web/20200125093029/https://twitter.com/sethmoulton,146985,2020-01-25 09:30:29,11418,-13,8.42,-0.01,0.00037,-0.00013
20200128222428,https://web.archive.org/web/20200128222428/https://twitter.com/sethmoulton,146978,2020-01-28 22:24:28,11411,-7,8.42,-0.0,0.00036,-2e-05
20200208092124,https://web.archive.org/web/20200208092124/https://twitter.com/sethmoulton/,148277,2020-02-08 09:21:24,12710,1299,9.38,0.88,0.00039,0.00144
20200210051535,https://web.archive.org/web/20200210051535/https://twitter.com/sethmoulton,148417,2020-02-10 05:15:35,12850,140,9.48,0.09,0.0004,0.00089
20200211144146,https://web.archive.org/web/20200211144146/https://twitter.com/sethmoulton,148420,2020-02-11 14:41:46,12853,3,9.48,0.0,0.00039,2e-05
20200212202859,https://web.archive.org/web/20200212202859/https://twitter.com/sethmoulton,148386,2020-02-12 20:28:59,12819,-34,9.46,-0.02,0.00039,-0.00032
20200220115725,https://web.archive.org/web/20200220115725/https://twitter.com/sethmoulton,148282,2020-02-20 11:57:25,12715,-104,9.38,-0.07,0.00038,-0.00016
20200224062113,https://web.archive.org/web/20200224062113/https://twitter.com/sethmoulton,148221,2020-02-24 06:21:13,12654,-61,9.33,-0.04,0.00038,-0.00019
20200310084340,https://web.archive.org/web/20200310084340/https://twitter.com/sethmoulton,148045,2020-03-10 08:43:40,12478,-176,9.2,-0.12,0.00036,-0.00014
20200317094158,https://web.archive.org/web/20200317094158/https://twitter.com/sethmoulton,148001,2020-03-17 09:41:58,12434,-44,9.17,-0.03,0.00035,-7e-05
20200324105805,https://web.archive.org/web/20200324105805/https://twitter.com/sethmoulton,147922,2020-03-24 10:58:05,12355,-79,9.11,-0.05,0.00034,-0.00013
20200331112424,https://web.archive.org/web/20200331112424/https://twitter.com/sethmoulton,148000,2020-03-31 11:24:24,12433,78,9.17,0.05,0.00034,0.00013
20200407014217,https://web.archive.org/web/20200407014217/https://twitter.com/sethmoulton,148001,2020-04-07 01:42:17,12434,1,9.17,0.0,0.00033,0.0
20200414132320,https://web.archive.org/web/20200414132320/https://twitter.com/sethmoulton,148122,2020-04-14 13:23:20,12555,121,9.26,0.08,0.00033,0.00019
